START=2026-05-16T17:07:20.8027929+09:00
END=2026-05-16T19:05:01.4750471+09:00
SEC=7060.7
