START_LOCAL=2026-05-16T16:50:57.5895823+09:00
END_LOCAL=2026-05-16T16:55:15.8815407+09:00
ELAPSED_SEC_STW=258.28
